0.107441
0.123324
0.0386176
0.0326775
0.0320943
0.0511929
0.0755208
0.181452
0.129746
0.0626283
0.0194132
0.194687
0.0328867
0.125078
0.0944103
0.0236825
0.18539
0.0508566
0.0758982
0.062164
0.0112852
0.0698272
0.141932
0.0490509
0.152785
0.103901
0.178497
0.0711778
0.142558
0.148054
0.0960679
0.069784
0.172652
0.116672
0.160388
0.118914
0.162892
0.036993
0.0454965
0.0798268
0.251016
0.230187
0.0789602
0.00776263
0.253774
0.225836
0.105891
0.131023
0.146223
0.0956103
0.0845608
0.147288
0.179741
0.184293
0.130179
0.0196979
0.264568
0.207619
0.0427598
0.0509425
0.0874452
0.107368
0.0648277
0.0125621
0.222589
0.0653361
0.0776185
0.0560889
0.216498
0.0846972
0.0931197
0.302854
0.149677
0.273186
0.0690999
0.37174
0.0643287
0.611082
0.108469
0.115646
0.150398
0.0720921
0.0112555
0.0398014
0.0323941
0.315433
0.330996
0.263117
0.155969
0.0128126
0.115678
0.0695944
0.451796
0.375498
0.109829
0.00577109
0.0404126
0.00359987
0.514664
0.159064
0.272711
0.0391075
0.0564242
0.234138
0.165202
0.311233
0.494476
0.0403464
0.0859121
0.219381
0.148749
0.0986738
0.00546132
0.266878
0.372138
0.236173
0.263633
0.224757
0.132203
0.0214703
0.400104
0.0739113
0.0637291
0.323627
0.319934
0.298764
0.577959
0.188186
0.150302
0.0742599
0.250584
0.207356
0.132534
0.459669
0.212156
0.559857
0.268475
0.0609909
0.343079
0.294665
0.156478
0.286541
0.321549
0.187076
0.273744
0.158602
0.195776
0.144975
0.218116
0.157366
0.409486
0.245646
0.198201
0.152767
0.320865
0.243469
0.304602
0.222674
0.142067
0.576107
0.281762
0.311173
0.264348
0.133341
0.272095
0.225662
0.208399
0.468643
0.0293526
0.474976
0.131651
0.408879
0.377869
0.0854848
0.455271
0.338802
0.101672
0.0734391
0.337652
0.226366
0.155315
0.123913
0.433901
0.381871
0.349421
0.222165
0.589831
0.376076
0.683082
0.244068
0.259619
0.434746
0.454904
0.834704
0.225173
0.18854
0.466262
0.61626
0.256232
0.351138
0.274802
0.301153
0.182018
0.0146758
0.0823419
0.41247
0.160116
0.355566
0.470926
0.316433
0.056547
0.257099
0.200967
0.623797
0.367882
0.447656
0.165595
0.351791
0.517025
0.396513
0.472504
0.266137
0.634551
0.358889
0.0705801
0.040206
0.144315
0.241901
0.436518
0.0931262
0.401672
0.451248
0.11501
0.395018
0.278906
0.132016
0.169521
0.602173
0.232968
0.287365
0.19739
0.412216
0.210968
0.55656
0.179192
0.353805
0.735213
0.226603
0.423209
0.171401
0.23069
0.334522
0.574508
0.201093
0.392352
0.25095
0.820072
0.523538
0.0810132
0.0964682
0.28099
0.444921
0.285755
0.555031
0.281983
0.469952
0.352145
0.293001
0.61139
0.452627
0.157472
0.391444
0.626276
0.278281
0.54682
0.562697
0.331896
0.381166
0.481309
0.310666
0.117877
0.891355
0.116143
0.124358
0.341933
0.166342
0.382182
0.342817
0.361331
0.309742
0.34677
0.098533
0.67932
0.352214
0.897389
0.588037
0.122244
0.241724
0.151871
0.197926
0.393253
0.134811
0.210236
0.33452
0.678548
0.361933
0.293468
0.410763
0.363247
0.111088
0.524191
0.483814
0.341877
0.632431
0.162405
0.268733
0.343636
0.63963
0.953748
0.369652
0.351881
0.0634028
0.41133
0.492154
0.292719
0.11435
0.433539
0.297118
0.430293
0.585133
0.275358
0.190145
0.516834
0.494063
0.468163
0.610595
0.310988
0.359103
0.574084
0.66715
0.501279
0.339172
0.598372
0.44425
0.563555
0.708178
0.740496
0.23846
0.4798
0.73416
0.27784
0.840639
0.626726
0.249914
0.456982
0.362939
0.428707
0.740092
0.681755
0.426883
0.384566
0.469403
0.802614
0.810322
0.255883
0.492497
0.576988
0.801867
0.169589
0.150058
0.244181
0.886951
0.232197
0.880389
0.686189
0.294767
0.696176
0.626341
0.784649
0.731552
0.673894
0.656271
0.466334
0.109301
0.629936
0.0668528
0.447485
0.565951
0.244564
0.596666
0.576601
0.199043
0.51334
0.435163
0.421821
0.145218
0.205925
0.312146
0.55226
0.0951823
0.809623
0.219556
0.326919
0.559756
0.392527
0.896398
0.252795
0.440769
0.431297
0.175876
0.507044
0.699588
0.639709
0.813226
0.0977829
0.703448
0.402697
0.411899
0.690822
0.55382
0.667921
0.223012
0.626529
0.79351
0.637624
0.420551
0.612656
0.352617
0.16552
0.597869
0.738507
0.623399
0.911722
0.679819
0.580455
0.34683
0.130385
0.362402
0.96969
0.450932
0.641185
0.629365
0.546907
0.347029
0.629874
0.538976
0.546058
0.184433
0.6661
0.487319
0.878673
0.532652
0.8686
0.470915
0.553916
0.637138
0.483816
0.298038
0.830126
0.18403
0.894107
0.282503
0.193887
0.763663
0.338278
0.706814
0.260232
0.386478
0.286412
0.755122
0.563561
0.0410601
0.461733
0.743577
0.105333
0.34853
0.659198
0.719864
0.582591
0.459738
0.542076
0.75938
0.18256
0.460733
0.530186
0.695871
0.327224
0.735609
0.471656
0.199141
0.711064
0.402542
0.343042
0.402357
0.103481
0.749742
0.306467
0.807894
0.130064
0.231497
0.683075
0.843657
0.533875
0.412336
0.575873
0.716683
0.573798
0.523598
0.163104
0.754208
0.81634
0.306386
0.0977293
0.145769
0.34911
0.933968
0.22601
0.942728
0.624226
0.901363
0.289629
0.442788
0.848055
0.207523
0.551364
0.0964728
0.17657
0.455113
0.372951
0.722743
0.303443
0.701752
0.0849756
0.698517
0.469463
0.763443
0.953087
0.581261
0.719451
0.852505
0.286681
0.721062
0.714133
0.409958
0.577883
0.500487
0.451261
0.594751
0.341875
0.905294
0.575385
0.409949
0.919576
0.886734
0.376325
0.698967
0.691
0.164095
0.595197
0.46501
0.745578
0.882014
0.380812
0.558142
0.458101
0.517928
0.460588
0.222993
0.589786
0.963025
0.222395
0.484112
0.70379
0.495978
0.844946
0.622374
0.154539
0.307585
0.274387
0.569014
0.76238
0.420264
0.648429
0.794682
0.808816
0.778626
0.539484
0.356552
0.0277298
0.493486
0.161415
0.274718
0.235716
0.668798
0.289957
0.530397
0.275604
0.254185
0.435218
0.753832
0.44547
0.654012
0.371815
0.783383
0.463864
0.283234
0.561614
0.921599
0.907086
0.377983
0.532659
0.324562
0.319761
0.462997
0.863819
0.437467
0.587862
0.641873
0.600762
0.955056
0.75871
0.59805
0.44519
0.414478
0.915446
0.238859
0.620863
0.599638
0.816554
0.621899
0.621895
0.423065
0.228855
0.715779
0.902137
0.890574
0.559467
0.41752
0.360163
0.330227
0.433031
0.589986
0.932479
0.588337
0.557486
0.077142
0.390841
0.281104
0.913247
0.614438
0.341863
0.205323
0.330569
0.506807
0.452827
0.624751
0.440437
0.555039
0.664421
0.197878
0.462917
0.735373
0.473734
0.961396
0.217396
0.0132126
0.401479
0.894716
0.424847
0.550839
0.7863
0.107993
0.322479
0.337607
0.664041
0.41338
0.555821
0.360116
0.786891
0.632802
0.240698
0.618912
0.394835
0.271134
0.299038
0.712009
0.245493
0.812387
0.528679
0.317951
0.611694
0.745069
0.312002
0.797317
0.638967
0.652994
0.49555
0.37641
0.481191
0.757019
0.747024
0.412042
0.216768
0.116713
0.29687
0.656103
0.58176
0.295523
0.672808
0.347247
0.494422
0.11973
0.166403
0.629194
0.577488
0.0646909
0.608219
0.694309
0.0099267
0.565844
0.0483378
0.692334
0.386287
0.630906
0.395529
0.113604
0.741469
0.282135
0.77158
0.83241
0.0410445
0.780795
0.786265
0.504276
0.517336
0.214355
0.0804276
0.596225
0.148917
0.716322
0.420438
0.545872
0.877378
0.645194
0.735746
0.419634
0.689427
0.596424
0.277657
0.220439
0.35465
0.586179
0.744854
0.132264
0.583605
0.0290077
0.436849
0.497046
0.881581
0.726474
0.47822
0.63879
0.671269
0.270504
0.731569
0.894904
0.571895
0.235077
0.0509635
0.348354
0.371016
0.761996
0.646554
0.128757
0.517976
0.0755772
0.0924439
0.688534
0.589169
0.89432
0.567519
0.312047
0.745456
0.766126
0.41975
0.853149
0.576182
0.498457
0.429584
0.381752
0.755306
0.403329
0.712729
0.294039
0.546179
0.839724
0.560685
0.784293
0.653769
0.704201
0.312303
0.290476
0.838059
0.581839
0.68967
0.617002
0.689519
0.273235
0.662395
0.304261
0.71032
0.720612
0.277376
0.499613
0.281185
0.823576
0.876302
0.596343
0.576231
0.829945
0.901449
0.0432832
0.134439
0.375475
0.576626
0.301316
0.553673
0.160412
0.697759
0.605359
0.408875
0.173374
0.477323
0.372278
0.376497
0.39233
0.943311
0.967782
0.542439
0.419106
0.841751
0.714334
0.312599
0.407529
0.0165355
0.230912
0.208244
0.755287
0.278223
0.212019
0.292444
0.44236
0.411544
0.636474
0.441386
0.0875417
0.820389
0.681138
0.318459
0.394692
0.534881
0.0899021
0.483515
0.440258
0.767611
0.371603
0.331669
0.662595
0.475681
0.336658
0.927206
0.347141
0.563364
0.621157
0.630861
0.31483
0.450111
0.380025
0.177188
0.459067
0.259109
0.737456
0.214332
0.0950245
0.74113
0.389093
0.343755
0.325971
0.165106
0.598341
0.676203
0.303561
0.477187
0.677978
0.459081
0.49799
0.237941
0.424289
0.195104
0.201944
0.735076
0.656463
0.655563
0.372731
0.303729
0.596339
0.181484
0.179967
0.422569
0.122734
0.281013
0.364353
0.373645
0.508484
0.184708
0.244033
0.344283
0.417042
0.271073
0.295152
0.333456
0.399421
0.424885
0.258532
0.0674486
0.301388
0.299545
0.333302
0.0430086
0.411353
0.119795
0.24146
0.223805
0.939266
0.510584
0.257525
0.268794
0.339828
0.162944
0.000357966
0.136425
0.22102
0.0594961
0.0619547
0.386071
0.216138
0.46736
0.471178
0.137467
0.753205
0.181843
0.027544
0.17647
0.25781
0.120824
0.644293
0.513348
0.630694
0.245803
0.364036
0.157998
0.41925
0.242987
0.0501464
0.368281
0.172003
0.121121
0.559688
0.367037
0.0545969
0.0412033
0.0561681
0.333028
0.0886378
0.497783
0.470324
0.106077
0.237897
0.114215
0.369791
0.453827
0.152576
0.528319
0.200565
0.296892
0.0845168
0.110706
0.269685
0.364989
0.0515667
0.145475
0.383736
0.117005
0.328507
0.232061
0.0907198
0.318377
0.284458
0.241518
0.124857
0.168108
0.24904
0.330877
0.119777
0.206895
0.100879
0.16453
0.0717885
0.302665
0.173214
0.26855
0.1242
0.136665
0.145009
0.263004
0.0145476
0.262785
0.341093
0.154092
0.0690214
0.0988037
0.159815
0.152612
0.0416007
0.168049
0.237039
0.110312
0.206298
0.0751108
0.125642
0.0891572
0.163858
0.123679
0.0684702
0.0629844
0.201878
0.168885
0.122911
0.270633
0.355783
0.177641
0.0226981
0.24932
0.15646
0.0910618
0.0600615
0.0433133
0.0137337
0.243267
0.0322762
0.101948
0.12206
0.378456
0.0645562
0.10453
0.224151
0.0103158
0.152443
0.0331985
0.244727
0.0209488
0.158589
0.299036
0.134224
0.0649294
0.0349496
0.351501
0.27166
0.0951892
0.0934764
0.160517
0.0360236
0.0655845
0.098655
0.10807
0.0362889
0.154483
0.197782
0.15663
0.148653
0.142986
0.065305
0.0208942
0.115603
0.183704
0.146133
0.195786
0.142105
0.13555
0.124455
0.106952
0.120227
0.00770458
0.346432
0.0924166
0.0352247
0.15757
0.165486
0.122823
0.127001
0.0490495
0.0161126
0.0284757
0.158912
0.0153314
0.17106
0.0748319
0.0988604
0.132859
0.0691009
0.271912
0.204005
0.0913011
0.0598031
0.0293284
0.189773
0.157508
0.175937
0.0714359
0.0291386
0.102271
0.0518507
0.0334572
0.0653925
0.0211763
0.0810068
