0.000115012
0.0217511
0.0504576
0.0488368
0.00411308
0.131341
0.29527
0.00792568
0.00197457
0.151981
0.0740131
0.0091044
0.0298885
0.00267762
0.0441871
0.00539202
0.0504917
0.099183
0.206199
0.0284936
0.162685
0.00728666
0.0631225
0.0709036
0.0804544
0.0115942
0.00674326
0.0177914
0.145067
0.0176874
0.0711058
0.0198411
0.0202665
0.0247337
0.00384741
0.0256416
0.0591537
0.0525693
0.077567
0.258867
0.0995293
0.0660452
0.114022
0.152662
0.0752984
0.0094527
0.0784263
0.0279778
0.0711619
0.181397
0.130087
0.0606438
0.181051
0.0143027
0.126532
0.00994774
0.105364
0.0258471
0.0669456
0.116696
0.0200449
0.0225208
0.0497505
0.0509633
0.2107
0.0840687
0.103533
0.150619
0.0215683
0.0790802
0.265916
0.0191615
0.045976
0.115877
0.116441
0.087039
0.138285
0.0460286
0.0246488
0.0551627
0.0600816
0.0343546
0.00525106
0.0158486
0.121002
0.149074
0.00231291
0.0882678
0.0767557
0.00578474
0.121316
0.162906
0.00428171
0.10863
0.121913
0.0613083
0.0268878
0.142907
0.0183086
0.0419162
0.000908419
0.0160263
0.139419
0.0755697
0.0503777
0.0288037
0.132089
0.0247246
0.0215057
0.110246
0.1265
0.0666551
0.0233961
0.0571003
0.0699144
0.184651
0.0408256
0.110699
0.0105855
0.16928
0.114718
0.0145274
0.137926
0.00572371
0.0135374
0.0185436
0.131528
0.061019
0.0686805
0.101226
0.118806
0.133904
0.0434796
0.0808446
0.143189
0.0241878
0.188094
0.0932645
0.1742
0.0775116
0.107784
0.272877
0.0880495
0.0248521
0.0724659
0.0493295
0.259486
0.0832851
0.142097
0.035251
0.0940575
0.0750134
0.116263
0.0701533
0.0577891
0.174284
0.0324664
0.0323878
0.0336693
0.0573423
0.040266
0.0969477
0.117201
0.000116769
0.110632
0.0943446
0.0416909
0.30053
0.148391
0.0889016
0.0944883
0.0843139
0.0801325
0.0681443
0.0068218
0.0798407
0.14602
0.190279
0.133485
0.00518418
0.179205
0.0208208
0.0541362
0.114465
0.0652518
0.162688
0.158383
0.0635682
0.0354858
0.0242353
0.000120042
0.0975049
0.0369334
0.0410775
0.0509875
0.0366954
0.0904449
0.154718
0.0804803
0.0210094
0.0314054
0.0113742
0.00859741
0.0442118
0.149648
0.00183809
0.107326
0.00785727
0.0565682
0.0549243
0.143497
0.0719962
0.0555039
0.0861717
0.0752761
0.0638748
0.104391
0.0653673
0.0465135
0.164335
0.000810393
0.135896
0.167586
0.0504226
0.205115
0.0969185
0.141139
0.216953
0.069851
0.0367084
0.0254667
0.1099
0.250828
0.0556349
0.0195121
0.0301814
0.0585273
0.00371481
0.0168463
0.00368496
0.193069
0.0464809
0.187671
0.140865
0.110543
0.0186661
0.0219678
0.144829
0.0837294
0.107417
0.000312964
0.0858112
0.0725277
0.017136
0.0367131
0.0139246
0.023293
0.0900767
0.0842149
0.216443
0.0377368
0.127337
0.0701954
0.155751
0.0391214
0.0122028
0.019165
0.0591926
0.0237128
0.0042921
0.0840641
0.0518278
0.0205497
0.00952615
0.0709572
0.15562
0.0511989
0.0999326
0.0272499
0.0878281
0.196192
0.0469973
0.0400977
0.102849
0.103506
0.0596694
0.0491295
0.00965797
0.00323484
0.0110301
0.093229
0.0955684
0.00454881
0.0849925
0.162776
0.0230781
0.142714
0.0242217
0.0905816
0.0448011
0.0836011
0.127316
0.0233688
0.0706378
0.0545162
0.17978
0.0807867
0.122613
0.0626507
0.0534752
0.0456693
0.134075
0.0444795
0.114264
0.167365
0.0689871
0.0894808
0.00929707
0.170251
0.0227418
0.0578307
0.0196021
0.0196021
0.0196021
0.0196021
0.0196021
0.0196021
0.0196021
0.0196021
0.110699
0.0263156
0.109489
0.0797204
0.0359327
0.116942
0.126354
0.0960606
0.0791804
0.0192798
0.0981829
0.0431498
0.061116
0.167533
0.0298704
0.00789253
0.0758587
0.0172907
0.111397
0.129691
0.112099
0.123101
0.039638
0.011605
0.0846732
0.0063074
0.0424733
0.158545
0.0551382
0.232127
0.13998
0.0594488
0.0353997
0.0262024
0.167875
0.0262216
0.0191135
0.0571404
0.0528176
0.0567143
0.206056
0.0483381
0.156491
0.152471
0.0474409
0.00893185
0.0498632
0.0801512
0.189926
0.0408984
0.0254301
0.0162817
0.106108
0.172268
0.0181983
0.109804
0.0979536
0.0902984
0.119271
0.0938941
0.0782268
0.100572
0.199918
0.0325315
0.0357887
0.107816
0.141961
0.0941882
0.0576445
0.0580985
0.0923704
0.0448909
0.101815
0.0605852
0.00669108
0.0305757
0.0380547
0.137108
0.00712287
0.074476
0.0755829
0.0740016
0.0170012
0.150256
0.106787
0.098691
0.0432059
0.0399198
0.0454069
0.174298
0.061604
0.126577
0.103553
0.0633504
0.105155
0.095785
0.128999
0.0415009
0.0365779
0.0611675
0.0710746
0.0179532
0.0192511
0.0484569
0.133459
0.0289663
0.03882
0.00341968
0.0985539
0.0839441
0.092938
0.0848077
0.0131752
0.00587546
0.0634582
0.205567
0.0283413
0.143078
0.10409
0.0235454
0.0603196
0.0873168
0.0795534
0.00557788
0.0790219
0.0606701
0.0158466
0.0453008
0.0225805
0.0932926
0.0496358
0.0297412
0.0161616
0.116255
0.129314
0.0233029
0.0877436
0.0247284
0.0915407
0.00693235
0.174843
0.0748432
0.0750477
0.158981
0.144444
0.132434
0.0572807
0.121079
0.00487576
0.020723
0.121449
0.124329
0.113055
0.00897259
0.149652
0.174028
0.0893122
0.0335714
0.0307687
0.0551272
0.084495
0.00457366
0.0251731
0.177547
0.0878901
0.110102
0.284505
0.0462234
0.0605437
0.0948822
0.0225508
0.139915
0.0680857
0.136004
0.0517425
0.115821
0.072615
0.124964
0.0556906
0.13172
0.0224869
0.0700717
0.0337697
0.140652
0.134706
0.00514092
0.119379
0.0017993
0.0346434
0.201768
0.0712153
0.18391
0.194148
0.0542062
0.139742
0.108607
0.190761
0.0481768
0.226744
0.0178641
0.0833589
0.163857
0.0336694
0.122363
0.148214
0.31657
0.0112774
0.198808
0.118846
0.179921
0.1115
0.0875871
0.063931
0.0194884
0.168333
0.0978504
0.171056
0.284339
0.450779
0.219419
0.228184
0.0055144
0.0681927
0.248066
0.1523
0.0516494
0.22835
0.360862
0.223951
0.170399
0.0336263
0.167444
0.102722
0.239422
0.2463
0.41642
0.106823
0.279523
0.0788208
0.0411819
0.00637424
0.238025
0.0904873
0.0740188
0.209848
0.119917
0.167733
0.254112
0.230943
0.00177965
0.0944532
0.0287899
0.103289
0.115312
0.291356
0.0813757
0.263012
0.245085
0.164798
0.253103
0.411614
0.177017
0.246264
0.126466
0.0390785
0.237964
0.103843
0.0702385
0.0306859
0.294906
0.00437873
0.029203
0.0340751
0.401939
0.00878182
0.211119
0.257216
0.0957659
0.133767
0.0429457
0.297789
0.0431087
0.287831
0.113009
0.208655
0.0317414
0.00478146
0.142184
0.239555
0.0305277
0.259234
0.165302
0.231218
0.148995
0.238634
0.107506
0.293204
0.185674
0.135758
0.259054
0.0626911
0.241303
0.0669923
0.292732
0.228292
0.0576012
0.0409639
0.319843
0.0962408
0.199997
0.327672
0.427241
0.156574
0.0672015
0.0941594
0.0443008
0.22281
0.0249681
0.19211
0.219855
0.0414745
0.13955
0.03723
0.158793
0.166421
0.260466
0.130137
0.33725
0.0614801
0.0989263
0.172778
0.208297
0.00582012
0.0416338
0.0563315
0.00353844
0.07048
0.0593737
0.0681665
0.192251
0.224964
0.223253
0.208716
0.14022
0.0450962
0.038349
0.106765
0.104355
0.023583
0.175823
0.27537
0.315149
0.215641
0.115801
0.0577807
0.250868
0.379463
0.175867
0.314817
0.12765
0.13854
0.0414355
0.191795
0.0914893
0.116892
0.282003
0.0996902
0.258856
0.015876
0.190869
0.216408
0.247297
0.341459
0.0336736
0.0839594
0.193587
0.181672
0.105506
0.06715
0.234626
0.0266414
0.32996
0.150701
0.259487
0.193005
0.269413
0.333744
0.394304
0.182247
0.158337
0.179948
0.026389
0.120512
0.122253
0.0617339
0.0160811
0.318142
0.162112
0.144112
0.15247
0.0250469
0.154667
0.182393
0.0839051
0.168536
0.199088
0.267144
0.122437
0.25219
0.396764
0.0640997
0.16592
0.158491
0.0423094
0.245277
0.188455
0.197632
0.0082249
0.0566612
0.0453092
0.175648
0.0240965
0.412806
0.116104
0.272697
0.176856
0.295526
0.103036
0.111695
0.269481
0.158525
0.0883603
0.257788
0.0171778
0.166096
0.558819
0.140647
0.05368
0.21413
0.177269
0.00749454
0.014987
0.0757602
0.17404
0.136852
0.0986201
0.145817
0.230162
0.216279
0.0241332
0.12115
0.102836
0.105368
0.216877
0.0379283
0.170787
0.369867
0.210956
0.121374
0.0312378
0.153946
0.205307
0.289338
0.104259
0.072201
0.292462
0.0403217
0.120894
0.0685384
0.134704
0.0284932
0.00589626
0.0505651
0.185677
0.207728
0.454371
0.429741
0.14344
0.19916
0.148947
0.220709
0.209294
0.055702
0.210397
0.345449
0.365579
0.242485
0.19428
0.340334
0.326173
0.40219
0.326311
0.15136
0.226299
0.0615245
0.457088
0.0650986
0.057008
0.152802
0.246922
0.112311
0.335073
0.0864497
0.143233
0.471716
0.356071
0.295642
0.0932013
0.0806006
0.177628
0.346634
0.297994
0.334643
0.189224
0.339443
0.0960267
0.0257085
0.291702
0.267468
0.0597349
0.148524
0.280827
0.207681
0.0843702
0.625336
0.338428
0.203486
0.232277
0.101519
0.219222
0.275086
0.12146
0.0744154
0.374361
0.327442
0.238221
0.420933
0.293307
0.240419
0.234239
0.282423
0.432088
0.230806
0.44045
0.425821
0.267563
0.116157
0.498493
0.0856584
0.0952902
0.16692
0.290083
0.125179
0.175393
0.193706
0.215185
0.263822
0.0398749
0.143923
0.410869
0.348158
0.00222745
0.13142
0.16945
0.0250871
0.157378
0.133325
0.329367
0.0690101
0.23929
0.286881
0.0757997
0.208726
0.324404
0.386105
0.385441
0.262471
0.00325094
0.318374
0.280142
0.203164
0.160867
0.126006
0.172297
0.0211475
0.532424
0.0509632
0.297048
0.178463
0.0843401
0.24276
0.0508619
0.26319
0.564919
0.373659
0.326047
0.0877282
0.13875
0.196971
0.313252
0.0946083
0.340476
0.078586
0.220274
0.240838
0.0850643
0.224059
0.152033
0.543286
0.402438
0.461442
0.419953
0.318106
0.275369
0.369074
0.233199
0.366145
0.189724
0.225075
0.574125
0.182185
0.174409
0.362669
0.136792
0.418844
0.189808
0.348272
0.17753
0.209094
0.191917
0.245145
0.069459
0.138804
0.187002
0.0695133
0.205044
0.399992
0.00953945
0.217546
0.261404
0.433009
0.386671
0.458982
0.278011
0.071454
0.180144
0.0883106
0.0525756
0.196867
0.341069
0.232257
0.0898011
0.170019
0.339083
0.084606
0.339109
0.33842
0.274232
0.180358
0.135609
0.0414444
0.226183
0.343609
0.114401
0.572897
0.197464
0.127905
0.313365
0.404182
0.316954
0.300255
0.163819
0.316053
0.144263
0.140792
0.0060932
0.140682
0.0861783
0.208421
0.229993
0.561612
0.250865
0.234184
0.0178597
0.226791
0.256257
0.0279993
0.211403
0.284818
0.245073
0.155905
0.135262
0.132085
0.103475
0.203522
0.0623085
0.082161
0.152243
0.632907
0.214917
0.263669
0.289294
0.532349
0.0699894
0.226942
0.224053
0.278442
0.562655
0.399628
0.151226
0.225602
0.324654
0.0919227
0.210102
0.272623
0.557945
0.21928
0.145225
0.55917
0.422229
0.171868
0.402355
0.108584
0.102202
0.304314
0.537293
0.375618
0.152444
0.550751
0.156303
0.227939
0.19568
0.20412
0.290598
0.264375
0.583695
0.369308
0.190033
0.0628004
0.314981
0.251677
0.420227
0.095116
0.235215
0.338284
0.260655
0.25582
0.0597859
0.071101
0.0418184
0.284499
0.136305
0.0246088
0.275294
0.372302
0.85523
0.280007
0.165065
0.216793
0.210302
0.3182
0.0937697
0.393414
0.0714824
0.0242639
0.381484
0.249303
0.212058
0.245427
0.149237
0.490419
0.118612
0.689512
0.182338
0.372613
0.0178002
0.0557026
0.251918
0.40734
0.504947
0.423305
0.330706
0.302518
0.108091
0.358759
0.366512
0.400375
0.365383
0.280044
0.489837
0.06056
0.276114
0.325176
0.156796
0.567732
0.0565597
0.000909114
0.412228
0.574181
0.54111
0.105136
0.171029
0.257095
0.146672
0.45522
0.215918
0.0895613
0.0965696
0.0495752
0.0832529
0.0298727
0.411326
0.195647
0.575265
0.498482
0.280389
0.429559
0.356608
0.129598
0.12671
0.348082
0.152081
0.0957962
0.148467
0.0711759
0.212714
0.152609
0.518306
0.36084
0.455737
0.333637
0.644471
0.281379
0.193262
0.00839747
0.129246
0.0758184
0.0187831
0.118038
0.143146
0.198355
0.175855
0.204607
0.434996
0.439627
0.299906
0.284177
0.140818
0.199039
0.666069
0.27721
0.12561
0.196677
0.0561557
0.0154566
0.229362
0.176419
0.420647
0.144006
0.589651
0.345265
0.0883497
0.264991
0.218983
0.194972
0.0184654
0.365293
0.0536152
0.244547
0.305943
0.253308
0.126368
0.128855
0.0510956
0.235743
0.208682
0.22931
0.0528201
0.684219
0.136352
0.513935
0.489662
0.387605
0.26641
0.387678
0.368724
0.375996
0.216275
0.110818
0.120785
0.042957
0.251946
0.165957
0.643707
0.484369
0.178093
0.308179
0.122016
0.279448
0.0786914
0.557218
0.0986069
0.306943
0.320619
0.350177
0.691002
0.125816
0.0418797
0.343908
0.344366
0.223391
0.564588
0.168073
0.197527
0.256893
0.0143696
0.497619
0.288372
0.227152
0.204159
0.452251
0.261899
0.223835
0.510317
0.154655
0.347687
0.21834
0.125645
0.150762
0.0674601
0.173163
0.575978
0.477499
0.161648
0.344777
0.0695242
0.0625744
0.172999
0.0928906
0.176085
0.0606882
0.632717
0.47768
0.581616
0.236229
0.507113
0.0990703
0.196789
0.451317
0.272114
0.0920528
0.176955
0.291262
0.0855733
0.24307
0.561373
0.486601
0.0698519
0.523069
0.150099
0.215045
0.089653
0.435285
0.533734
0.147438
0.026794
0.426334
0.425158
0.265558
0.408048
0.483708
0.805824
0.199594
0.221065
0.251161
0.344284
0.297736
0.321758
0.222944
0.194318
0.638715
0.566175
0.112377
0.058868
0.464037
0.3308
0.104091
0.154212
0.317323
0.685557
0.31476
0.48084
0.147131
0.028585
0.121532
0.269234
0.746283
0.643523
0.284437
0.159821
0.075594
0.519415
0.662239
0.550308
0.256796
0.113167
0.408859
0.249821
0.167436
0.636983
0.327299
0.277008
0.273766
0.492381
0.515363
0.473876
0.116706
0.461191
0.705456
0.549316
0.239512
0.513067
0.200565
0.240655
0.323157
0.332927
0.0191507
0.523819
0.232811
0.198334
0.167343
0.060923
0.542822
0.25196
0.239712
0.61422
0.49621
0.322002
0.460548
0.51491
0.0981724
0.661805
0.0320973
0.259184
0.254417
0.305236
0.355743
0.101601
0.447379
0.289213
0.139843
0.411729
0.416969
0.247274
0.578097
0.659071
0.408662
0.285863
0.274188
0.227882
0.129101
0.290379
0.129923
0.0583102
0.307135
0.128498
0.401432
0.512873
0.0831211
0.103799
0.481834
0.458721
0.486871
0.0109927
0.0904109
0.206201
0.665905
0.640004
0.0634268
0.0706139
0.180247
0.248226
0.498766
0.499896
0.41659
0.00574394
0.00739573
0.62932
0.108943
0.0620472
0.350497
0.510277
0.0515507
0.637085
0.262108
0.393482
0.113574
0.514477
0.764742
0.0203734
0.385598
0.726786
0.131763
0.0773658
0.334536
0.424548
0.225297
0.384029
0.538929
0.225232
0.808753
0.753593
0.524803
0.402275
0.513238
0.307147
0.181065
0.294687
0.703034
0.503965
0.727734
0.427268
0.46756
0.511329
0.404674
0.384739
0.644097
0.474667
0.327101
0.226164
0.402252
0.440971
0.626945
0.535352
0.42502
0.163965
0.226383
0.0650444
0.474745
0.599221
0.201018
0.227601
0.402835
0.413349
0.473161
0.178264
0.263765
0.533176
0.170734
0.134001
0.267109
0.143583
0.347308
0.394453
0.646104
0.0828968
0.744006
0.0986685
0.300371
0.398099
0.031058
0.020598
0.226057
0.17893
0.0666664
0.533383
0.248623
0.278942
0.382368
0.151193
0.56284
0.153322
0.832549
0.349107
0.727156
0.0526724
0.076155
0.38846
0.0741869
0.0811291
0.433075
0.410545
0.111941
0.332877
0.289205
0.639375
0.352318
0.242919
0.245191
0.613023
0.668271
0.195671
0.635698
0.190043
0.294243
0.664644
0.585269
0.0999611
0.38658
0.569559
0.229506
0.243678
0.492103
0.0909776
0.180056
0.431846
0.254161
0.338642
0.710883
0.344226
0.247538
0.494506
0.303417
0.624926
0.0861321
0.286521
0.200137
0.470014
0.440809
0.83748
0.853637
0.168387
0.194609
0.597216
0.20809
0.289233
0.412659
0.45831
0.178586
0.186878
0.451554
0.475963
0.132415
0.036422
0.00710271
0.192053
0.390451
0.150373
0.38046
0.110338
0.264248
0.473412
0.195023
0.173467
0.330676
0.571159
0.769811
0.309722
0.103261
0.60031
0.266976
0.291854
0.83733
0.321544
0.74737
0.816374
0.0947512
0.630007
0.386962
0.573469
0.363768
0.210468
0.513063
0.386107
0.17739
0.761323
0.791026
0.0101665
0.619256
0.45543
0.360139
0.174674
0.65664
0.444567
0.118951
0.234324
0.553199
0.244352
0.503796
0.205446
0.440125
0.457562
0.050622
0.362579
0.271425
0.226334
0.415912
0.504583
0.182225
0.425089
0.765781
0.186678
0.447877
0.635424
0.0833173
0.39203
0.326935
0.452602
0.214996
0.297639
0.250098
0.127202
0.431035
0.609177
0.395489
0.180463
0.383141
0.428804
0.25348
0.407358
0.162797
0.688702
0.157323
0.0255642
0.100562
0.300508
0.508973
0.288239
0.535984
0.0995342
0.586083
0.317742
0.433042
0.357628
0.269224
0.529504
0.188548
0.459582
0.324691
0.276096
0.358668
0.30108
0.526525
0.323617
0.210496
0.421043
0.658061
0.337516
0.680281
0.672922
0.541726
0.15978
0.519212
0.307795
0.337861
0.258406
0.278796
0.20882
0.588236
0.197767
0.416058
0.620254
0.896627
0.331204
0.231519
0.940536
0.251002
0.0421199
0.34006
0.207296
0.521507
0.259326
0.42692
0.777886
0.350917
0.322567
0.118128
0.496351
0.825593
0.490192
0.226503
0.289478
0.0458586
0.712677
0.201178
0.401123
0.272004
0.329872
0.0162528
0.290009
0.333577
0.491494
0.618304
0.54065
0.380159
0.563673
0.383769
0.427738
0.339715
0.474277
0.699905
0.314981
0.712205
0.462936
0.887949
0.207091
0.058236
0.233021
0.793271
0.262054
0.502799
0.0511703
0.591791
0.481039
0.383767
0.263911
0.143723
0.19427
0.54962
0.576548
0.465711
0.441684
0.540956
0.565973
0.241106
0.424013
0.344123
0.00948534
0.411848
0.452435
0.989509
0.967631
0.813803
0.710525
0.191233
0.5816
0.950921
0.769513
0.868357
0.534891
0.468243
0.213901
0.13001
0.623016
0.213876
0.24462
0.72671
0.459678
0.13822
0.243774
0.662245
0.121894
0.0935778
0.0688698
0.30883
0.516756
0.219647
0.293093
0.108406
0.448555
0.0471031
0.706231
0.304604
0.195536
0.483734
0.312081
0.0434914
0.260115
0.419155
0.660234
0.281721
0.460178
0.76463
0.76147
0.0738095
0.492629
0.925093
0.831216
0.0614455
0.313466
0.348571
0.507589
0.35855
0.366158
0.374832
0.345108
0.519418
0.214046
0.213668
0.739976
0.647355
0.812962
0.34213
0.294204
0.582458
0.39679
0.662718
0.504247
0.639262
0.295546
0.324726
0.519577
0.968808
0.723722
0.449873
0.352706
0.455232
0.479483
0.38739
0.341668
0.359213
0.172363
0.210766
0.247579
0.159684
0.475188
0.600798
0.691197
0.641378
0.0288143
0.108812
0.172936
0.364351
0.21167
0.773774
0.584838
0.410003
0.439319
0.123234
0.728114
0.0254531
0.417356
0.223542
0.329157
0.390084
0.455071
0.636076
0.366686
0.422189
0.346135
0.371483
0.487354
0.225871
0.304792
0.39001
0.504783
0.214333
0.165867
0.0683156
0.214614
0.123087
0.201769
0.296158
0.320486
0.0444653
0.217517
0.587138
0.28692
0.222101
0.188876
0.320951
0.716535
0.190823
0.250838
0.268946
0.444701
0.204458
0.873512
0.0460654
0.811812
0.126859
0.476915
0.229671
0.318113
0.606742
0.51757
0.990883
0.422541
0.422519
0.355705
0.151885
0.183463
0.503942
0.330609
0.940472
0.14921
0.787126
0.249859
0.293154
0.321995
0.185277
0.39102
0.775551
0.656346
0.880496
0.735928
0.140024
0.19858
0.761788
0.214644
0.248614
0.348848
0.484966
0.42514
0.418032
0.541836
0.123979
0.698951
0.360693
0.159921
0.574921
0.598248
0.942383
0.597953
0.911954
0.828152
0.557804
0.501807
0.297321
0.387182
0.55595
0.381723
0.354317
0.323379
0.0540876
0.563155
0.128657
0.538394
0.0583627
0.247491
0.397841
0.753343
0.140821
0.998682
0.719223
0.300732
0.179916
0.539884
0.823346
0.576166
0.840508
0.976752
0.258966
0.925742
0.474951
0.704095
0.42297
0.606713
0.278909
0.152177
0.338268
0.722187
0.783659
0.423541
0.461287
0.686454
0.578716
0.0915634
0.0308538
0.409445
0.644976
0.956141
0.172566
0.467197
0.757416
0.401331
0.0948907
0.267866
0.37686
0.747365
0.399062
0.365194
0.0804992
0.505895
0.547774
0.315938
0.24782
0.43956
0.138155
0.0840628
0.268096
0.688236
0.905331
0.891056
0.616237
0.14203
0.328067
0.499545
0.774745
0.317848
0.771082
0.303787
0.732898
0.602462
0.0474192
0.0982577
0.750967
0.0971598
0.620467
0.0231556
0.661379
0.302642
0.270074
0.736829
0.595949
0.643535
0.131798
0.447119
0.0930849
0.354606
0.573807
0.167602
0.222774
0.053859
0.571951
0.648336
0.120959
0.127897
0.541006
0.143528
0.513453
0.166323
0.804653
0.410799
0.136221
0.293588
0.243633
0.287408
0.290758
0.376884
0.0990466
0.589691
0.68795
0.705525
0.741434
0.753223
0.590371
0.27017
0.375007
0.314717
0.80485
0.262508
0.356374
0.864555
0.153041
0.300079
0.406652
0.542472
0.171608
0.18341
0.469954
0.563357
0.576988
0.804007
0.574495
0.295721
0.335753
0.639244
0.342818
0.494039
0.45066
0.580996
0.383572
0.653313
0.585483
0.946668
0.919985
0.715957
0.544374
0.776109
0.341828
0.440168
0.7828
0.137764
0.200433
0.559936
0.470326
0.315876
0.773575
0.263772
0.441107
0.722211
0.392554
0.190711
0.446795
0.361158
0.139509
0.801784
0.89014
0.891767
0.593613
0.873676
0.0540814
0.318099
0.971739
0.301247
0.59076
0.608438
0.497846
0.430443
0.871222
0.316494
0.368954
0.449314
0.521094
0.48412
0.750522
0.0931314
0.488093
0.558528
0.158302
0.619115
0.362124
0.478687
0.0628975
0.374234
0.698396
0.270214
0.350512
0.157418
0.522835
0.735459
0.432801
0.727019
0.639113
0.664788
0.33196
0.183406
0.534812
0.0627112
0.697959
0.704455
0.0373019
0.770456
0.633551
0.483741
0.113483
0.226744
0.647275
0.167972
0.976676
0.42962
0.520983
0.611786
0.177555
0.550127
0.773258
0.440584
0.386407
0.33709
0.528694
0.327484
0.161774
0.610895
0.585169
0.724283
0.753499
0.978292
0.694112
0.12773
0.373728
0.55059
0.041789
0.31842
0.272755
0.507531
0.891454
0.356127
0.581303
0.201771
0.326309
0.897637
0.837652
0.730715
0.840072
0.746983
0.910564
0.696906
0.423073
0.566566
0.21846
0.746662
0.289518
0.283334
0.536214
0.393346
0.62836
0.679174
0.295152
0.616178
0.368508
0.802732
0.258129
0.266054
0.272436
0.265027
0.848619
0.0921322
0.672875
0.307102
0.523614
0.348986
0.575114
0.157859
0.0912794
0.381951
0.974721
0.987844
0.131192
0.742883
0.824618
0.384527
0.192486
0.380995
0.562081
0.680732
0.166175
0.688194
0.543865
0.752329
0.528736
0.807213
0.53798
0.130312
0.483815
0.180068
0.224264
0.401748
0.696177
0.225641
0.406126
0.697692
0.289722
0.00324837
0.729292
0.498506
0.529318
0.500994
0.45185
0.297981
0.294158
0.341031
0.555937
0.47322
0.419307
0.406551
0.47243
0.151524
0.711739
0.0883425
0.625079
0.0360854
0.101064
0.733219
0.0830432
0.676577
0.339384
0.265258
0.145375
0.846901
0.345751
0.663872
0.468778
0.336898
0.582677
0.419941
0.385784
0.181282
0.121514
0.93747
0.334821
0.264095
0.383961
0.630455
0.423571
0.891625
0.6598
0.5455
0.698915
0.977808
0.761434
0.00771721
0.833783
0.423171
0.252997
0.0483349
0.0288767
0.123806
0.475151
0.684589
0.27051
0.336183
0.699994
0.615125
0.92769
0.938881
0.566086
0.782798
0.949116
0.191095
0.15103
0.538526
0.331847
0.656449
0.344699
0.181577
0.355323
0.352719
0.68613
0.825193
0.0335436
0.434359
0.617808
0.390419
0.606585
0.516433
0.716149
0.398685
0.135592
0.24957
0.290032
0.326293
0.337964
0.889437
0.659709
0.19115
0.457571
0.575417
0.507319
0.539044
0.66141
0.424134
0.335233
0.363746
0.275793
0.529576
0.51005
0.0925454
0.44612
0.373347
0.566859
0.861494
0.529761
0.769877
0.443454
0.336031
0.708888
0.681464
0.844949
0.532112
0.180349
0.711941
0.390844
0.821226
0.451102
0.724457
0.253846
0.421636
0.129749
0.50932
0.399383
0.435168
0.442201
0.708255
0.790676
0.473938
0.742647
0.348261
0.41
0.265797
0.528095
0.197588
0.503155
0.418638
0.390163
0.572608
0.67071
0.0776815
0.648336
0.411611
0.717777
0.530203
0.768639
0.837224
0.613243
0.661746
0.14252
0.486211
0.711852
0.46076
0.760542
0.388771
0.285948
0.200679
0.697059
0.2987
0.183144
0.139173
0.606701
0.514294
0.14647
0.474474
0.148665
0.575898
0.221842
0.826838
0.33438
0.495546
0.504692
0.595304
0.588364
0.504967
0.88402
0.368098
0.528597
0.30443
0.575657
0.834042
0.530149
0.780663
0.539947
0.795219
0.152737
0.39902
0.210984
0.566768
0.230937
0.222767
0.727508
0.813916
0.132493
0.0497894
0.906539
0.716168
0.513162
0.535388
0.636513
0.742437
0.6184
0.860736
0.229869
0.415755
0.450628
0.594386
0.882512
0.171703
0.5329
0.548341
0.382508
0.321284
0.248227
0.645606
0.441946
0.842681
0.304781
0.250454
0.341419
0.423443
0.342273
0.379433
0.492416
0.254314
0.726549
0.20991
0.877405
0.757677
0.651079
0.976437
0.622956
0.712745
0.650318
0.610456
0.413194
0.94471
0.523409
0.381598
0.542735
0.0678886
0.547297
0.25106
0.70471
0.116852
0.297933
0.412898
0.700258
0.631511
0.470122
0.555824
0.534462
0.52709
0.396274
0.415855
0.266211
0.083614
0.803833
0.50333
0.460022
0.658135
0.767392
0.241377
0.396589
0.796879
0.0483567
0.0425351
0.306998
0.109414
0.539988
0.944105
0.64294
0.605259
0.48747
0.136065
0.332846
0.613362
0.229235
0.558757
0.744259
0.566492
0.309343
0.274802
0.734919
0.8009
0.545455
0.893953
0.368124
0.361322
0.344505
0.855191
0.889038
0.618069
0.71973
0.248414
0.369858
0.442237
0.370432
0.425886
0.262267
0.337586
0.892373
0.790107
0.604791
0.363348
0.513714
0.489647
0.409297
0.0101248
0.435266
0.261059
0.8065
0.618812
0.570707
0.566932
0.213085
0.436414
0.464363
0.961536
0.543051
0.830114
0.514178
0.654202
0.816952
0.611074
0.944565
0.143667
0.854899
0.719001
0.261892
0.829485
0.515143
0.393356
0.559029
0.853347
0.467856
0.994786
0.114951
0.533819
0.906995
0.573101
0.372931
0.610455
0.291039
0.202142
0.6677
0.243359
0.642574
0.286249
0.321516
0.235701
0.557204
0.0966232
0.207583
0.620875
0.547772
0.5021
0.466772
0.668098
0.843864
0.383955
0.867861
0.367519
0.121349
0.353419
0.144557
0.783905
0.305904
0.632839
0.333481
0.212565
0.242994
0.672431
0.515504
0.0463549
0.621392
0.486871
0.835503
0.396327
0.422529
0.774565
0.449037
0.44878
0.821281
0.782439
0.713798
0.563014
0.508751
0.300568
0.191791
0.818018
0.241259
0.132666
0.696192
0.712199
0.0576171
0.459057
0.0336496
0.276348
0.69002
0.597489
0.552319
0.410183
0.542058
0.382908
0.61776
0.157979
0.242294
0.6237
0.364809
0.719302
0.442625
0.3205
0.0243105
0.972821
0.764747
0.757161
0.565585
0.247033
0.663471
0.727098
0.230932
0.23583
0.475129
0.184687
0.25582
0.5637
0.227734
0.395925
0.653582
0.197027
0.534454
0.00622244
0.281428
0.524382
0.599251
0.501823
0.461533
0.690331
0.596129
0.857818
0.334895
0.797246
0.294506
0.536753
0.151059
0.429162
0.455643
0.117954
0.693034
0.606017
0.76423
0.820165
0.502197
0.0832794
0.67756
0.404389
0.637027
0.551164
0.174677
0.165781
0.518627
0.321249
0.625988
0.798946
0.651753
0.344347
0.906287
0.740121
0.703922
0.082809
0.499923
0.650035
0.330829
0.313625
0.362148
0.39718
0.380886
0.740203
0.234432
0.920075
0.757501
0.302114
0.802185
0.922975
0.442453
0.78116
0.358475
0.160362
0.499406
0.417551
0.579192
0.981839
0.490267
0.731516
0.170633
0.75572
0.120194
0.746687
0.231792
0.702344
0.535962
0.523441
0.926062
0.376117
0.402434
0.349762
0.185529
0.787649
0.202274
0.667297
0.229248
0.472167
0.0591373
0.0511119
0.595181
0.690993
0.574653
0.331506
0.329259
0.820059
0.654771
0.240009
0.553502
0.307833
0.444808
0.535518
0.755892
0.454698
0.194008
0.711907
0.127079
0.65285
0.918594
0.74471
0.774006
0.637418
0.550587
0.873476
0.878076
0.189894
0.317651
0.705791
0.158316
0.379906
0.479652
0.0840764
0.670774
0.498215
0.513825
0.87918
0.289842
0.828693
0.310178
0.69031
0.376208
0.29515
0.602612
0.244295
0.318846
0.285701
0.170277
0.0817712
0.697633
0.572412
0.157004
0.79848
0.661138
0.111764
0.160493
0.821731
0.652912
0.188498
0.35644
0.550605
0.581856
0.470993
0.754745
0.475999
0.603213
0.59754
0.566978
0.52779
0.235998
0.0612292
0.0269596
0.805367
0.318351
0.722658
0.40593
0.320828
0.429628
0.803109
0.500115
0.248282
0.545572
0.506032
0.142077
0.335707
0.243936
0.759015
0.349402
0.586306
0.964176
0.485368
0.582586
0.314667
0.424498
0.848447
0.231271
0.342611
0.419351
0.83488
0.953157
0.368575
0.750825
0.198694
0.585097
0.504404
0.192022
0.491697
0.126266
0.741709
0.404191
0.656871
0.323831
0.54807
0.890769
0.971068
0.201472
0.46827
0.35512
0.577785
0.836195
0.39212
0.648225
0.89503
0.397265
0.666757
0.724125
0.4083
0.420979
0.835487
0.776475
0.465597
0.202927
0.208674
0.21107
0.75277
0.930929
0.531661
0.600767
0.822598
0.111101
0.248045
0.559758
0.24904
0.573761
0.411814
0.790128
0.230859
0.584856
0.32054
0.32238
0.280532
0.634716
0.223544
0.600413
0.691291
0.552268
0.447423
0.224917
0.809453
0.513377
0.139387
0.788323
0.831621
0.897395
0.0600096
0.246597
0.423972
0.338863
0.405695
0.591825
0.141866
0.831985
0.81404
0.666495
0.131764
0.315294
0.833383
0.940735
0.294196
0.725079
0.655976
0.774864
0.654932
0.398752
0.655662
0.7355
0.695312
0.208163
0.805328
0.643718
0.68221
0.586448
0.716463
0.5042
0.262678
0.228698
0.525434
0.455753
0.187064
0.480903
0.776397
0.236003
0.722448
0.723856
0.716904
0.121861
0.212264
0.390121
0.883478
0.582521
0.26563
0.732287
0.563783
0.196226
0.422498
0.0913093
0.570855
0.51212
0.88317
0.931736
0.189734
0.50813
0.73147
0.887061
0.692529
0.117653
0.681912
0.953797
0.654724
0.625652
0.124829
0.166157
0.605217
0.0971661
0.327442
0.923599
0.729491
0.468125
0.817595
0.301756
0.386187
0.553152
0.698489
0.85563
0.272993
0.532151
0.51237
0.71452
0.864784
0.786389
0.698428
0.222944
0.33504
0.956441
0.216474
0.238185
0.618825
0.544656
0.55332
0.395991
0.561732
0.685821
0.931021
0.594709
0.645985
0.214336
0.518896
0.559461
0.553831
0.391368
0.724236
0.283508
0.424035
0.68794
0.533498
0.473747
0.435476
0.683201
0.464613
0.539083
0.709102
0.52239
0.657937
0.687581
0.48768
0.650928
0.235429
0.589044
0.329349
0.799605
0.271111
0.325649
0.382732
0.318686
0.638513
0.587399
0.651472
0.33878
0.163995
0.184388
0.503095
0.0236072
0.317883
0.637996
0.514397
0.99789
0.0325066
0.151005
0.944989
0.695079
0.540184
0.369472
0.921714
0.660882
0.00788208
0.31893
0.268342
0.219217
0.574371
0.185919
0.584676
0.392043
0.417649
0.301805
0.576616
0.0181792
0.148294
0.433867
0.529523
0.93982
0.0112098
0.308475
0.77782
0.874363
0.308017
0.547328
0.355568
0.477435
0.243556
0.886777
0.530454
0.812627
0.183377
0.289211
0.318573
0.564516
0.146655
0.652717
0.19484
0.776351
0.469369
0.790123
0.602205
0.37899
0.673291
0.58502
0.245253
0.554155
0.377521
0.650716
0.210688
0.78616
0.862311
0.39357
0.649337
0.786213
0.647926
0.714695
0.355489
0.319295
0.556643
0.68683
0.466009
0.229772
0.27159
0.388613
0.343913
0.888579
0.833424
0.381634
0.292957
0.330075
0.69927
0.427998
0.642429
0.400397
0.202965
0.867029
0.542396
0.633623
0.346032
0.517661
0.842644
0.862354
0.583751
0.243437
0.274882
0.757335
0.172276
0.225265
0.533971
0.732989
0.293571
0.354879
0.633072
0.381337
0.612277
0.474879
0.204632
0.3969
0.684877
0.6292
0.313648
0.23055
0.636724
0.311928
0.43688
0.722528
0.184661
0.718113
0.719929
0.223705
0.579854
0.682772
0.43977
0.231301
0.461376
0.449178
0.621134
0.956262
0.705798
0.931457
0.784167
0.590442
0.581233
0.355498
0.746976
0.0036467
0.282674
0.57008
0.480267
0.149236
0.622035
0.600189
0.398042
0.74988
0.839497
0.479545
0.70327
0.807155
0.229265
0.733878
0.461751
0.631261
0.602629
0.744002
0.740637
0.881165
0.239296
0.555569
0.377664
0.667695
0.0139022
0.227592
0.137671
0.490883
0.242099
0.836202
0.618065
0.69893
0.22261
0.129003
0.112002
0.978081
0.24247
0.444221
0.754275
0.629372
0.94936
0.490237
0.0141634
0.471718
0.733195
0.892755
0.360677
0.752867
0.309217
0.55728
0.666547
0.729683
0.642529
0.290334
0.0266582
0.43811
0.346877
0.167423
0.826764
0.969786
0.516933
0.585392
0.118104
0.244383
0.743526
0.155947
0.530366
0.550917
0.353031
0.46856
0.348194
0.917492
0.390884
0.402099
0.594177
0.477514
0.374696
0.406411
0.790872
0.0663022
0.635259
0.492075
0.952959
0.388928
0.843437
0.923723
0.332821
0.381916
0.412588
0.398033
0.430284
0.498581
0.385725
0.1894
0.372242
0.952481
0.221252
0.484303
0.339334
0.569497
0.96905
0.469612
0.136032
0.519587
0.446392
0.841679
0.311126
0.502661
0.293709
0.398478
0.30358
0.575838
0.452666
0.144177
0.593979
0.761093
0.747986
0.562626
0.0304599
0.63759
0.594154
0.171879
0.331352
0.439469
0.201593
0.694285
0.674346
0.64863
0.195348
0.243387
0.334631
0.364901
0.442407
0.66133
0.205659
0.00374192
0.958671
0.674619
0.128392
0.165949
0.0222784
0.981776
0.279846
0.47559
0.574501
0.923604
0.0931485
0.694363
0.388223
0.494376
0.241038
0.264108
0.504812
0.0107785
0.919688
0.542514
0.848393
0.766349
0.743482
0.594164
0.575261
0.775287
0.683535
0.166177
0.694137
0.808235
0.364618
0.811635
0.541305
0.630924
0.864612
0.502703
0.976395
0.284535
0.508372
0.57581
0.872159
0.423264
0.12442
0.618455
0.623759
0.44734
0.709961
0.579391
0.874474
0.219551
0.540145
0.496798
0.383387
0.466711
0.460733
0.505628
0.581673
0.66832
0.363603
0.86494
0.839261
0.795943
0.588384
0.735256
0.881987
0.17437
0.11071
0.980382
0.764046
0.800899
0.413909
0.923358
0.772675
0.527505
0.116287
0.439192
0.136511
0.618188
0.579219
0.598044
0.674288
0.481494
0.306483
0.676934
0.654981
0.700381
0.894524
0.984285
0.533744
0.746283
0.271316
0.81214
0.694025
0.991286
0.417755
0.0109504
0.640135
0.709676
0.744014
0.678992
0.0720409
0.240946
0.764838
0.574425
0.61301
0.303187
0.170165
0.66595
0.401645
0.641885
0.400133
0.828718
0.57728
0.555973
0.436226
0.865935
0.711291
0.438464
0.844043
0.746982
0.74985
0.22525
0.440685
0.53779
0.39576
0.043704
0.187631
0.63558
0.238864
0.680958
0.408708
0.760421
0.454914
0.609195
0.278451
0.49823
0.701609
0.821047
0.861079
0.305666
0.66345
0.723166
0.675764
0.938252
0.166368
0.889003
0.490649
0.399812
0.474075
0.651049
0.220972
0.719155
0.178931
0.247506
0.620815
0.341713
0.0125186
0.305891
0.449643
0.553793
0.514188
0.689145
0.661037
0.525513
0.998865
0.11668
0.83335
0.536989
0.968961
0.89936
0.998406
0.2331
0.776225
0.306933
0.0917672
0.0606509
0.912141
0.326828
0.792999
0.00991289
0.477837
0.274432
0.764718
0.187262
0.127643
0.504616
0.592727
0.700288
0.04694
0.702429
0.495944
0.471849
0.504094
0.717442
0.580715
0.37362
0.545659
0.554928
0.459132
0.52441
0.88787
0.863735
0.527915
0.602454
0.558971
0.354509
0.284772
0.290728
0.162598
0.605435
0.095263
0.957304
0.229939
0.740408
0.247112
0.954587
0.683861
0.743944
0.785043
0.653501
0.60345
0.744359
0.855051
0.807755
0.217941
0.615612
0.794485
0.0625266
0.469568
0.418288
0.577785
0.551208
0.0801682
0.339743
0.480593
0.625985
0.572771
0.65397
0.596644
0.477946
0.256338
0.760128
0.717408
0.396715
0.670137
0.197489
0.314705
0.618772
0.864208
0.574841
0.383828
0.217235
0.415604
0.71742
0.81843
0.401877
0.687824
0.657708
0.540846
0.0692645
0.158789
0.300867
0.339201
0.187928
0.82367
0.49917
0.980801
0.41936
0.173232
0.41737
0.465024
0.552182
0.260664
0.975382
0.393463
0.184079
0.369084
0.59616
0.799871
0.532626
0.849566
0.200772
0.194341
0.263481
0.804141
0.454604
0.431504
0.50651
0.237985
0.528429
0.383307
0.58584
0.431504
0.798569
0.955512
0.281262
0.00401633
0.371264
0.420178
0.649765
0.717389
0.264459
0.589813
0.397595
0.669469
0.89955
0.485957
0.364314
0.838213
0.22063
0.782842
0.10144
0.504477
0.366236
0.707385
0.152094
0.533858
0.916422
0.0222892
0.532696
0.394784
0.62849
0.349547
0.477642
0.730038
0.594917
0.750088
0.322574
0.485546
0.815002
0.504568
0.476734
0.747387
0.328934
0.315863
0.421324
0.226921
0.807992
0.542168
0.716482
0.68124
0.472978
0.586395
0.979466
0.753141
0.413043
0.527127
0.332628
0.961613
0.853956
0.522932
0.172558
0.608972
0.406017
0.449029
0.0895661
0.569785
0.842456
0.159141
0.245807
0.479654
0.224621
0.199734
0.75578
0.307582
0.235498
0.265254
0.607792
0.528937
0.159578
0.635817
0.447831
0.228772
0.165884
0.67395
0.474332
0.677755
0.858403
0.706333
0.399196
0.623417
0.725699
0.86504
0.83686
0.502511
0.785341
0.335587
0.377212
0.925659
0.498621
0.83988
0.194981
0.545713
0.625342
0.73161
0.210983
0.678932
0.774993
0.370993
0.405952
0.652612
0.239537
0.231976
0.245977
0.480416
0.394031
0.76198
0.542633
0.525226
0.111749
0.969475
0.668362
0.588071
0.337978
0.610168
0.2968
0.607237
0.416114
0.251226
0.397773
0.529618
0.281163
0.415129
0.185948
0.393671
0.60199
0.586481
0.165665
0.377708
0.578278
0.564963
0.317656
0.3854
0.240786
0.573723
0.242431
0.392599
0.298099
0.697094
0.864324
0.575623
0.333258
0.372158
0.932973
0.33424
0.211446
0.656676
0.647281
0.732839
0.308782
0.788605
0.371715
0.502538
0.471338
0.328166
0.818646
0.388099
0.812947
0.783605
0.214217
0.441439
0.585946
0.631381
0.415105
0.987062
0.829854
0.97846
0.517787
0.432763
0.252949
0.448437
0.394227
0.178843
0.883196
0.367459
0.345993
0.645408
0.597919
0.434665
0.828929
0.464667
0.0193401
0.295982
0.474047
0.640238
0.864077
0.590101
0.94972
0.750875
0.465012
0.812914
0.495273
0.167883
0.418359
0.629371
0.793947
0.17744
0.388303
0.671111
0.747878
0.189156
0.0949713
0.061813
0.322503
0.376069
0.33884
0.814134
0.244492
0.318157
0.240248
0.924731
0.195196
0.573764
0.720941
0.559619
0.215234
0.487284
0.605774
0.539315
0.0237801
0.738422
0.19809
0.338894
0.521251
0.419178
0.185869
0.374178
0.484026
0.669864
0.594728
0.661536
0.404428
0.186234
0.568021
0.296752
0.60467
0.721771
0.431209
0.918748
0.482388
0.773819
0.657565
0.92059
0.64951
0.852266
0.302983
0.438697
0.819282
0.974446
0.171889
0.591567
0.444186
0.560635
0.249599
0.444455
0.461769
0.344767
0.117435
0.560235
0.314586
0.801687
0.304678
0.252177
0.729007
0.702045
0.762909
0.900963
0.337239
0.724079
0.198224
0.175208
0.0465197
0.855341
0.471121
0.198569
0.736975
0.555556
0.254663
0.333153
0.543994
0.345404
0.283343
0.315256
0.38631
0.444608
0.433353
0.205865
0.0498549
0.576035
0.91319
0.342904
0.768416
0.407451
0.722475
0.422773
0.961486
0.480598
0.375521
0.768499
0.228216
0.710376
0.3839
0.891116
0.758869
0.747282
0.217794
0.655113
0.302194
0.578705
0.571776
0.829231
0.614913
0.357034
0.142026
0.660875
0.387358
0.611565
0.323741
0.433508
0.812042
0.411428
0.704885
0.334415
0.749795
0.567437
0.355127
0.321336
0.479958
0.341904
0.894488
0.664564
0.551198
0.257781
0.813339
0.457435
0.809152
0.570806
0.300956
0.207281
0.605745
0.949029
0.429009
0.12776
0.478787
0.404134
0.0925868
0.879193
0.244712
0.10501
0.549718
0.556101
0.384762
0.748966
0.651597
0.704053
0.834319
0.785711
0.630785
0.38852
0.356882
0.609921
0.350106
0.591456
0.387688
0.525077
0.210085
0.306542
0.436136
0.655795
0.00923013
0.571313
0.0589475
0.885442
0.0804424
0.565475
0.0399542
0.389993
0.755351
0.412239
0.233276
0.459298
0.414236
0.396382
0.668658
0.175943
0.327093
0.20679
0.361462
0.0384193
0.650152
0.208191
0.414364
0.157885
0.905758
0.567166
0.259027
0.104819
0.834647
0.597052
0.219492
0.56093
0.231711
0.662663
0.112952
0.17257
0.4955
0.138328
0.539579
0.314379
0.99513
0.174884
0.41827
0.383069
0.622597
0.25919
0.492274
0.428512
0.585189
0.614069
0.264262
0.218683
0.265737
0.931671
0.623437
0.267548
0.576581
0.485419
0.282592
0.594017
0.0709768
0.461742
0.853293
0.630951
0.730131
0.764171
0.673559
0.915817
0.919669
0.772952
0.322622
0.487882
0.775192
0.926729
0.984118
0.252099
0.721757
0.899977
0.638809
0.768665
0.701686
0.302191
0.9307
0.66728
0.148925
0.713956
0.821496
0.191134
0.079638
0.712026
0.00943447
0.323627
0.65705
0.750864
0.551525
0.540321
0.227072
0.422106
0.345121
0.091791
0.383002
0.117247
0.754236
0.0649117
0.509472
0.890444
0.171176
0.663867
0.351704
0.103889
0.556131
0.996214
0.867611
0.3082
0.543439
0.788774
0.646133
0.782473
0.401264
0.575535
0.647546
0.68406
0.84605
0.520447
0.750682
0.353823
0.0707208
0.595034
0.369472
0.034445
0.425154
0.232016
0.643017
0.214328
0.995205
0.737176
0.264939
0.525299
0.324512
0.981367
0.164581
0.440575
0.52796
0.781863
0.452004
0.400248
0.614177
0.605046
0.542523
0.379409
0.727256
0.453587
0.359683
0.714708
0.545547
0.654544
0.782614
0.183251
0.561401
0.312184
0.430883
0.514306
0.733747
0.49247
0.82242
0.355499
0.499294
0.97995
0.357623
0.62564
0.683283
0.596786
0.729349
0.611003
0.476498
0.914065
0.636795
0.295106
0.871201
0.598425
0.738235
0.519708
0.579109
0.160181
0.688395
0.67547
0.385445
0.324145
0.384581
0.439134
0.649369
0.360423
0.264483
0.73927
0.170579
0.559734
0.412867
0.434915
0.0333634
0.0455225
0.293113
0.702318
0.555685
0.456274
0.473873
0.951644
0.514316
0.134133
0.565275
0.228736
0.756936
0.746233
0.330369
0.956222
0.540839
0.413625
0.548115
0.510102
0.176054
0.656646
0.802222
0.860533
0.681464
0.832472
0.493855
0.41581
0.28085
0.848176
0.314696
0.543937
0.906223
0.611193
0.0719386
0.616859
0.0352663
0.28426
0.959668
0.85971
0.334883
0.182799
0.352681
0.302978
0.590327
0.522996
0.633489
0.679459
0.933731
0.852871
0.152105
0.386473
0.649147
0.287984
0.48857
0.662056
0.875765
0.782316
0.170923
0.219856
0.27816
0.507754
0.595657
0.326887
0.423907
0.358353
0.352551
0.294466
0.351101
0.69524
0.341796
0.748485
0.831727
0.871106
0.795456
0.640937
0.328794
0.670486
0.127527
0.0375545
0.644217
0.36463
0.506075
0.864061
0.0864152
0.509273
0.457257
0.565228
0.533248
0.453063
0.633232
0.535854
0.399914
0.684922
0.0910446
0.305424
0.860354
0.377903
0.951255
0.47891
0.376433
0.641693
0.496538
0.6504
0.231729
0.548149
0.968445
0.410489
0.440873
0.784025
0.606241
0.0586951
0.340315
0.670099
0.341858
0.556477
0.424045
0.113661
0.328788
0.490451
0.388211
0.133365
0.176465
0.628491
0.324785
0.592288
0.603575
0.95512
0.669997
0.0622032
0.527896
0.735117
0.27999
0.480201
0.37683
0.664338
0.18206
0.821044
0.539365
0.246755
0.928167
0.446426
0.783338
0.0481116
0.820794
0.414758
0.365676
0.0847542
0.934748
0.577048
0.595722
0.667184
0.734841
0.462771
0.628646
0.751424
0.471862
0.302089
0.434723
0.683273
0.393723
0.910879
0.645849
0.778308
0.567062
0.408482
0.345943
0.608972
0.391564
0.187241
0.530917
0.679772
0.826918
0.713633
0.913232
0.407349
0.641102
0.197128
0.107013
0.380759
0.467925
0.102113
0.420271
0.653244
0.384479
0.616266
0.8964
0.662657
0.538456
0.756518
0.858802
0.221671
0.570623
0.819616
0.221014
0.303765
0.510297
0.11229
0.469052
0.557494
0.180087
0.598228
0.569751
0.692839
0.57575
0.437791
0.588514
0.464642
0.793638
0.0460559
0.451315
0.26584
0.889088
0.806725
0.417637
0.127759
0.643067
0.790842
0.671749
0.752541
0.442327
0.329799
0.341655
0.317037
0.1864
0.702436
0.999897
0.459519
0.309799
0.415799
0.0746099
0.225547
0.182757
0.317128
0.472657
0.00556181
0.476361
0.657294
0.866012
0.418105
0.320835
0.860741
0.159491
0.133283
0.206708
0.681283
0.770223
0.548784
0.787186
0.565779
0.19859
0.510069
0.675804
0.532887
0.470214
0.278896
0.445873
0.823232
0.424566
0.922708
0.701964
0.0373799
0.345898
0.417815
0.693512
0.161961
0.565914
0.759117
0.996761
0.158404
0.681673
0.321938
0.32098
0.630999
0.519627
0.515122
0.373939
0.822354
0.778154
0.676178
0.569037
0.203921
0.642262
0.251335
0.276001
0.0476201
0.453415
0.580975
0.120541
0.977658
0.420285
0.480537
0.447475
0.138559
0.0585232
0.481641
0.586443
0.191226
0.137838
0.657882
0.418747
0.306675
0.394471
0.714841
0.724359
0.572193
0.342164
0.998345
0.912141
0.0527101
0.824838
0.373092
0.866066
0.327996
0.271648
0.502
0.208075
0.578591
0.573233
0.131344
0.373618
0.679445
0.101856
0.317055
0.410706
0.520258
0.0991762
0.254915
0.151045
0.721894
0.309044
0.374627
0.798388
0.52706
0.641507
0.006385
0.332258
0.107647
0.414894
0.667473
0.432097
0.791645
0.641349
0.611311
0.371768
0.584115
0.774544
0.0690051
0.367399
0.394738
0.949762
0.53059
0.427717
0.280495
0.413368
0.544018
0.904739
0.559125
0.137608
0.154795
0.887439
0.0572753
0.568252
0.550164
0.497754
0.54759
0.730275
0.532156
0.78129
0.311076
0.534691
0.741603
0.523969
0.880037
0.367557
0.387316
0.966793
0.334929
0.0797175
0.618017
0.767915
0.933288
0.110545
0.516872
0.872303
0.235279
0.422552
0.131803
0.137508
0.684758
0.326838
0.253669
0.137779
0.212978
0.857398
0.258765
0.492139
0.559028
0.780536
0.91869
0.411779
0.146709
0.994072
0.528967
0.495582
0.468611
0.615449
0.0262547
0.76104
0.375982
0.433342
0.0195098
0.468965
0.0114555
0.507633
0.459784
0.482977
0.370445
0.215578
0.222773
0.737574
0.561409
0.654634
0.332864
0.673834
0.702509
0.533039
0.221824
0.64004
0.590347
0.481416
0.679614
0.931125
0.160377
0.853915
0.80394
0.776775
0.691475
0.73975
0.500152
0.268882
0.486262
0.293345
0.666545
0.693019
0.813164
0.222322
0.406075
0.702684
0.447967
0.836393
0.405518
0.439999
0.199657
0.609482
0.187504
0.600648
0.637729
0.23391
0.403199
0.756983
0.605565
0.00452364
0.327201
0.427953
0.317246
0.615779
0.741996
0.628047
0.158487
0.691199
0.487653
0.524143
0.826505
0.747106
0.0490531
0.80599
0.213542
0.56777
0.31887
0.232791
0.145974
0.716621
0.643677
0.598119
0.280951
0.592909
0.459053
0.440005
0.232683
0.372267
0.428881
0.662328
0.429215
0.637087
0.624881
0.0394272
0.831666
0.678382
0.967591
0.279536
0.602819
0.0621811
0.342405
0.458604
0.809328
0.504993
0.527182
0.751367
0.391489
0.885941
0.827011
0.268667
0.415117
0.472566
0.44873
0.167157
0.709639
0.929939
0.699612
0.220296
0.247292
0.269472
0.762924
0.530379
0.173234
0.499829
0.472137
0.221407
0.591131
0.61733
0.0669567
0.550211
0.718191
0.341916
0.829457
0.472793
0.989705
0.242527
0.405512
0.00212182
0.346347
0.492787
0.163264
0.904421
0.43163
0.467834
0.542054
0.368849
0.679748
0.535085
0.841199
0.4016
0.566954
0.0517072
0.465358
0.651337
0.456384
0.568139
0.330544
0.41819
0.242276
0.847194
0.207035
0.847434
0.619809
0.521434
0.516281
0.641647
0.0272148
0.1975
0.0590167
0.840567
0.60675
0.512617
0.42108
0.42661
0.875516
0.201718
0.403444
0.787395
0.643466
0.50317
0.340698
0.830689
0.724813
0.0727119
0.874754
0.196215
0.225955
0.479305
0.531135
0.188327
0.603136
0.381148
0.670415
0.233193
0.425737
0.879317
0.708687
0.323432
0.755006
0.756028
0.0595967
0.0706954
0.183203
0.361337
0.663741
0.0752369
0.198564
0.143908
0.544806
0.516319
0.543929
0.523872
0.326639
0.448828
0.848948
0.194898
0.657316
0.222067
0.142397
0.476026
0.300712
0.56159
0.722599
0.72982
0.748088
0.487881
0.695931
0.291754
0.448654
0.519704
0.711876
0.551835
0.986715
0.486937
0.941942
0.125072
0.83058
0.608022
0.810218
0.412507
0.300552
0.322295
0.318548
0.00434061
0.539404
0.265476
0.889888
0.178152
0.551127
0.218529
0.696564
0.426691
0.573977
0.730823
0.550528
0.581066
0.516393
0.357224
0.486848
0.166814
0.813676
0.756371
0.118232
0.125994
0.802622
0.416734
0.19323
0.423088
0.788766
0.794663
0.929577
0.853609
0.3781
0.163975
0.310068
0.639786
0.672973
0.0790524
0.491715
0.642548
0.522561
0.761381
0.38463
0.149939
0.891035
0.545028
0.49271
0.688014
0.532308
0.379899
0.443277
0.61165
0.930053
0.780847
0.430523
0.0369444
0.389192
0.484814
0.823502
0.639775
0.828699
0.695745
0.49069
0.643229
0.460502
0.833732
0.784281
0.318937
0.318758
0.309004
0.0173885
0.0360313
0.586204
0.78823
0.292766
0.166286
0.495333
0.320216
0.0999135
0.36862
0.886192
0.894505
0.289286
0.522709
0.312372
0.664297
0.915827
0.402129
0.576093
0.170921
0.308056
0.304253
0.357942
0.890047
0.2473
0.529744
0.00583005
0.0484388
0.431255
0.130641
0.415492
0.238353
0.485279
0.771356
0.155926
0.181707
0.323407
0.298811
0.393736
0.69359
0.807188
0.330951
0.428676
0.916605
0.885451
0.297232
0.809394
0.242877
0.292733
0.416371
0.405757
0.238374
0.431249
0.902732
0.720012
0.824411
0.475433
0.683823
0.219752
0.152459
0.805435
0.677297
0.531088
0.459699
0.491937
0.0153385
0.241126
0.437774
0.365239
0.382864
0.0824389
0.197258
0.726148
0.966636
0.353151
0.119916
0.206603
0.351519
0.269702
0.276073
0.268085
0.820052
0.552384
0.135038
0.161317
0.460948
0.747817
0.422339
0.717397
0.676923
0.447104
0.585063
0.0655452
0.409106
0.791447
0.659375
0.918517
0.551294
0.554951
0.401228
0.442818
0.703345
0.47797
0.247664
0.487341
0.197835
0.446396
0.772683
0.677673
0.600825
0.272107
0.165291
0.819294
0.302595
0.191294
0.220225
0.30082
0.452853
0.774193
0.631839
0.338691
0.516178
0.550484
0.0967615
0.477867
0.856798
0.37851
0.293831
0.454219
0.592013
0.460881
0.0775851
0.233997
0.570295
0.378628
0.401055
0.442736
0.246024
0.423064
0.283532
0.433818
0.0387665
0.422916
0.3707
0.467975
0.183352
0.445293
0.776587
0.100401
0.0490399
0.463228
0.30395
0.262897
0.250069
0.390238
0.588424
0.558478
0.77751
0.80447
0.73828
0.273637
0.578983
0.273546
0.177806
0.283493
0.697153
0.462662
0.669585
0.675142
0.509015
0.430487
0.165603
0.379717
0.645942
0.304785
0.148676
0.25672
0.730269
0.929856
0.300381
0.441211
0.688842
0.0680056
0.463458
0.484307
0.688079
0.324207
0.484122
0.472792
0.21352
0.567785
0.351534
0.322336
0.300752
0.528529
0.567173
0.885267
0.934053
0.180981
0.705909
0.773294
0.483564
0.476354
0.658814
0.402824
0.812634
0.801212
0.513094
0.36853
0.488492
0.252727
0.751788
0.504902
0.434999
0.222632
0.551873
0.47308
0.44565
0.692622
0.414098
0.401093
0.156195
0.364604
0.108495
0.177358
0.443973
0.293281
0.714919
0.636308
0.546384
0.168251
0.335699
0.500451
0.623542
0.197726
0.385662
0.444633
0.456816
0.661595
0.137159
0.061748
0.777577
0.314848
0.954399
0.191996
0.489138
0.115818
0.696658
0.486367
0.164268
0.684862
0.335624
0.625907
0.293101
0.295065
0.717072
0.747072
0.340377
0.501989
0.936057
0.473401
0.642217
0.424227
0.34906
0.0851246
0.387345
0.895384
0.635338
0.851633
0.190361
0.305794
0.270995
0.561975
0.527302
0.297607
0.246069
0.337181
0.277426
0.504977
0.0571711
0.230242
0.416396
0.576231
0.375444
0.539219
0.184819
0.796654
0.230056
0.659442
0.40949
0.381436
0.402632
0.152945
0.494354
0.833952
0.311095
0.549527
0.0886472
0.0546099
0.121211
0.311166
0.580536
0.494333
0.640136
0.27184
0.404147
0.339891
0.753452
0.389451
0.590964
0.655022
0.143013
0.458757
0.382453
0.0836566
0.238431
0.200749
0.225561
0.233469
0.0735519
0.821474
0.252901
0.512698
0.735062
0.581009
0.540406
0.553422
0.193483
0.403816
0.261111
0.20889
0.104623
0.303731
0.535089
0.439673
0.163214
0.541217
0.394226
0.531161
0.312126
0.442218
0.288907
0.0927977
0.348203
0.0725433
0.807675
0.0789507
0.622258
0.224542
0.0624661
0.125972
0.470358
0.289754
0.371236
0.784817
0.202003
0.53571
0.60572
0.310512
0.432867
0.30072
0.603322
0.677134
0.127637
0.662139
0.0601106
0.685756
0.337845
0.415551
0.239847
0.451673
0.428455
0.390783
0.365165
0.866927
0.302726
0.32889
0.350849
0.212363
0.476879
0.774975
0.312064
0.510197
0.101794
0.358029
0.457279
0.567014
0.331273
0.462158
0.140527
0.238952
0.171981
0.372605
0.263686
0.44939
0.235156
0.445562
0.11136
0.534871
0.975475
0.679635
0.114665
0.509018
0.115412
0.337369
0.248404
0.235753
0.76853
0.0192938
0.455372
0.70457
0.336135
0.549777
0.468342
0.43262
0.237749
0.538566
0.217872
0.201504
0.481675
0.551646
0.314893
0.312297
0.152519
0.0642717
0.769268
0.284145
0.464526
0.192687
0.394254
0.269217
0.561166
0.27962
0.285836
0.288297
0.429496
0.490657
0.413295
0.675975
0.156633
0.451987
0.6343
0.713254
0.252907
0.465763
0.385783
0.100348
0.119693
0.46274
0.235403
0.422873
0.187656
0.478905
0.328142
0.640285
0.553329
0.158689
0.544468
0.130173
0.35486
0.561606
0.335111
0.660975
0.6224
0.15373
0.228428
0.465282
0.27926
0.371585
0.643875
0.332473
0.0630459
0.380822
0.295504
0.166991
0.0967925
0.52892
0.525936
0.616198
0.317985
0.0923906
0.459791
0.111716
0.40832
0.29413
0.497842
0.478684
0.0495408
0.283319
0.627542
0.679623
0.384615
0.385257
0.0341981
0.435957
0.386579
0.0536731
0.334657
0.103883
0.568134
0.709039
0.310468
0.36596
0.217182
0.46245
0.0273911
0.498747
0.148905
0.68199
0.420045
0.199999
0.167244
0.405987
0.174322
0.0682044
0.418665
0.918677
0.238353
0.0835934
0.398349
0.17194
0.524995
0.285787
0.891499
0.0451205
0.479178
0.197489
0.697052
0.375843
0.124282
0.110419
0.35051
0.3233
0.843294
0.337957
0.602605
0.241622
0.451598
0.11286
0.0904836
0.316761
0.149391
0.467328
0.572636
0.132507
0.153058
0.424785
0.330554
0.16019
0.220226
0.755009
0.661482
0.733257
0.729045
0.390272
0.234864
0.793052
0.0256139
0.0360418
0.754275
0.118315
0.678634
0.252659
0.490212
0.304933
0.551388
0.454254
0.60075
0.493266
0.331124
0.67196
0.280859
0.290028
0.608548
0.0590432
0.285256
0.786469
0.81087
0.248821
0.212479
0.484225
0.160161
0.609234
0.128966
0.312577
0.525923
0.215565
0.263241
0.775156
0.543855
0.114169
0.0417155
0.33467
0.335382
0.681771
0.514416
0.754538
0.536045
0.382969
0.871109
0.164944
0.613768
0.570203
0.0838253
0.622617
0.285283
0.725234
0.417072
0.337229
0.0958003
0.0654097
0.332251
0.14583
0.180829
0.181803
0.016414
0.176354
0.575145
0.183546
0.133426
0.471544
0.101219
0.437435
0.383092
0.5978
0.49216
0.0952213
0.335844
0.747507
0.385411
0.0217483
0.367049
0.0436379
0.32158
0.293351
0.298546
0.491941
0.249189
0.567023
0.132705
0.635818
0.246516
0.258364
0.0410534
0.297127
0.771019
0.00600039
0.333579
0.735911
0.604982
0.610223
0.423702
0.424013
0.461586
0.714891
0.252298
0.636156
0.609688
0.417731
0.566826
0.186097
0.461758
0.363523
0.389669
0.296603
0.0615724
0.149999
0.457361
0.468673
0.143284
0.459242
0.704672
0.273226
0.219548
0.320943
0.221471
0.65215
0.547832
0.380572
0.0422766
0.14009
0.113734
0.378488
0.194936
0.756696
0.169981
0.227632
0.157992
0.296159
0.602521
0.0247187
0.410535
0.154483
0.483662
0.722527
0.586727
0.310859
0.397978
0.154548
0.471139
0.393463
0.370772
0.829305
0.368436
0.357351
0.206294
0.387588
0.278237
0.265278
0.36692
0.581478
0.346199
0.264045
0.430093
0.390286
0.409612
0.459392
0.143093
0.448607
0.175403
0.30573
0.426285
0.326407
0.395609
0.439292
0.371602
0.571057
0.147884
0.784637
0.582699
0.304664
0.158952
0.288313
0.255555
0.0443667
0.581726
0.694718
0.164912
0.447279
0.569821
0.363361
0.165655
0.120545
0.587789
0.410458
0.679287
0.0956297
0.28137
0.105297
0.362753
0.448648
0.134983
0.343803
0.461305
0.151273
0.502737
0.71058
0.294385
0.373922
0.640595
0.569168
0.527677
0.0997383
0.445123
0.388696
0.727851
0.110339
0.634744
0.188253
0.862315
0.0465887
0.456846
0.310677
0.255345
0.259292
0.0387239
0.640424
0.407778
0.461139
0.549996
0.477904
0.119059
0.519691
0.333944
0.62715
0.220782
0.328965
0.242015
0.363776
0.124277
0.0523907
0.21982
0.138721
0.421783
0.454441
0.911795
0.227049
0.386542
0.497843
0.316394
0.25865
0.158314
0.361192
0.712105
0.550803
0.303723
0.522631
0.0238231
0.232208
0.125799
0.825857
0.404997
0.0944336
0.323945
0.389136
0.218466
0.460224
0.121183
0.183144
0.52832
0.648459
0.397988
0.878256
0.430967
0.108679
0.557856
0.371161
0.0292613
0.333726
0.696606
0.654091
0.250087
0.896277
0.493023
0.283448
0.434699
0.474646
0.339264
0.00491792
0.209749
0.213197
0.515604
0.343894
0.995578
0.261367
0.39674
0.522537
0.208493
0.274867
0.267726
0.509946
0.107903
0.401638
0.396664
0.314555
0.521624
0.079882
0.441941
0.317384
0.0932929
0.442752
0.417553
0.0293866
0.283266
0.089888
0.302867
0.283654
0.141673
0.342324
0.278736
0.381148
0.485978
0.322555
0.358456
0.443674
0.219611
0.277959
0.238748
0.335169
0.474964
0.522064
0.387578
0.699826
0.104998
0.262183
0.513106
0.000316032
0.145893
0.38797
0.499247
0.216035
0.116356
0.193629
0.0842733
0.509714
0.467292
0.294193
0.475453
0.397415
0.762413
0.0100742
0.293804
0.467339
0.582941
0.570913
0.0170924
0.320586
0.0817838
0.243378
0.340151
0.526769
0.298533
0.248211
0.205576
0.225971
0.339719
0.189781
0.122458
0.399705
0.472775
0.117453
0.420283
0.133285
0.433261
0.170148
0.350111
0.0709005
0.222517
0.190421
0.175611
0.61393
0.422911
0.0308639
0.325696
0.440582
0.247629
0.566309
0.216511
0.444525
0.584427
0.422543
0.478915
0.230017
0.260965
0.733062
0.194711
0.403223
0.321739
0.808729
0.404413
0.43031
0.380725
0.157789
0.412715
0.411475
0.206616
0.675307
0.523263
0.113598
0.387612
0.491115
0.49651
0.27992
0.375665
0.505602
0.300938
0.536693
0.355639
0.0039146
0.0487041
0.603824
0.247463
0.538658
0.250698
0.422768
0.136895
0.454786
0.370116
0.328368
0.309614
0.305718
0.169221
0.0696315
0.179825
0.0437116
0.340293
0.196414
0.29636
0.0413571
0.28342
0.0536028
0.390591
0.117004
0.602855
0.470721
0.416711
0.104165
0.131853
0.171395
0.42432
0.15323
0.422285
0.234248
0.255987
0.49524
0.0854295
0.628327
0.513312
0.295335
0.354213
0.0344873
0.300593
0.338855
0.467234
0.194221
0.4016
0.268902
0.373051
0.196779
0.0675776
0.00557676
0.178927
0.0611324
0.268592
0.262801
0.286659
0.423977
0.463598
0.256637
0.360758
0.307049
0.473955
0.687643
0.328703
0.270204
0.279344
0.258617
0.0681389
0.197478
0.254504
0.415468
0.0876423
0.0498889
0.350357
0.279527
0.136252
0.368166
0.169573
0.0707223
0.058774
0.287083
0.179976
0.339097
0.436219
0.603004
0.162052
0.288376
0.528042
0.4009
0.180987
0.360938
0.236828
0.262285
0.113303
0.0812874
0.335081
0.306311
0.535055
0.0637164
0.416552
0.0514912
0.169277
0.5202
0.267996
0.360986
0.358939
0.383548
0.635245
0.0353334
0.382038
0.303733
0.263145
0.197084
0.101193
0.142307
0.347839
0.422127
0.282466
0.205391
0.176071
0.0301836
0.474697
0.198159
0.076079
0.0925179
0.442528
0.391126
0.296459
0.107384
0.173112
0.078368
0.089019
0.274777
0.368523
0.295317
0.138415
0.203241
0.114666
0.0833491
0.248141
0.61923
0.0783819
0.0817329
0.245646
0.0900215
0.0990816
0.213405
0.366516
0.373873
0.345207
0.276773
0.510082
0.043558
0.137844
0.211496
0.308581
0.489662
0.237048
0.410117
0.425054
0.115793
0.426849
0.295869
0.137158
0.130021
0.255457
0.119288
0.0107241
0.302662
0.362213
0.141408
0.303931
0.249513
0.199257
0.322815
0.692918
0.0481196
0.325187
0.0765568
0.337176
0.246878
0.368349
0.306313
0.21368
0.0253815
0.51131
0.347707
0.266252
0.549155
0.227455
0.0629617
0.292668
0.675505
0.304106
0.323742
0.316414
0.156529
0.373286
0.118385
0.568534
0.239107
0.427133
0.393778
0.328655
0.22233
0.474628
0.362087
0.0695215
0.141158
0.317917
0.362874
0.487691
0.158936
0.542284
0.0346144
0.380464
0.138209
0.352583
0.108796
0.435475
0.469629
0.0674635
0.109904
0.263115
0.559657
0.0202409
0.0996283
0.415489
0.156872
0.0634358
0.253822
0.3922
0.317401
0.327159
0.0741899
0.623634
0.30983
0.277601
0.300498
0.337221
0.135649
0.176771
0.14357
0.361367
0.315746
0.479405
0.360481
0.376869
0.0650713
0.32926
0.0718479
0.348905
0.335101
0.479661
0.228277
0.062177
0.207894
0.218135
0.0426783
0.423432
0.13341
0.104542
0.00592429
0.238191
0.29728
0.00266224
0.360171
0.117373
0.398201
0.145926
0.296083
0.139649
0.241467
0.0695089
0.0809688
0.350975
0.299514
0.111377
0.185321
0.21108
0.1952
0.298525
0.00261207
0.353933
0.139269
0.18958
0.151284
0.293524
0.0550907
0.171572
0.317334
0.0795502
0.375718
0.119558
0.069826
0.00851161
0.251877
0.154053
0.315106
0.0715193
0.202906
0.421024
0.258063
0.119288
0.389018
0.121836
0.367411
0.101592
0.190837
0.0217026
0.261958
0.185048
0.155993
0.409528
0.0601332
0.0259785
0.285167
0.415487
0.104159
0.363703
0.0116124
0.606305
0.282773
0.0807074
0.297391
0.194526
0.0315478
0.334079
0.129521
0.136701
0.332606
0.0692392
0.137103
0.281285
0.0321671
0.157987
0.343758
0.249408
0.215808
0.222945
0.213953
0.308691
0.137585
0.43819
0.147948
0.117877
0.603924
0.239151
0.00206221
0.0313603
0.353795
0.218807
0.0800494
0.126723
0.422433
0.259103
0.0358964
0.112717
0.0672898
0.108176
0.0912489
0.129645
0.099924
0.334583
0.323649
0.309594
0.0515103
0.0483195
0.142959
0.240958
0.0801528
0.00462081
0.164213
0.137932
0.194055
0.224742
0.0956175
0.154652
0.312838
0.341677
0.151034
0.241938
0.394413
0.0880538
0.186929
0.277895
0.0989477
0.253516
0.175119
0.338258
0.0481838
0.0572423
0.210758
0.143064
0.241812
0.178281
0.0486039
0.0456566
0.374302
0.232382
0.239609
0.129079
0.193201
0.321215
0.104212
0.305875
0.171546
0.337837
0.0102767
0.127015
0.311231
0.187247
0.267994
0.0863187
0.219461
0.357941
0.147798
0.543675
0.226109
0.244641
0.0913838
0.21254
0.0739589
0.158167
0.496324
0.00762955
0.232521
0.403859
0.176863
0.173246
0.000229275
0.194836
0.0772774
0.280066
0.445673
0.455074
0.328458
0.115373
0.283764
0.177693
0.198725
0.310492
0.240018
0.123291
0.272997
0.375522
0.209489
0.0252692
0.53003
0.36125
0.23889
0.0806936
0.043529
0.152009
0.123286
0.208932
0.153089
0.333811
0.42857
0.188198
0.576202
0.0549385
0.0453406
0.287267
0.301606
0.0799537
0.318611
0.18024
0.274233
0.232836
0.334326
0.377291
0.199342
0.342012
0.269286
0.286813
0.169681
0.354472
0.141765
0.197079
0.147728
0.0497872
0.331146
0.339949
0.155937
0.408409
0.202311
0.23103
0.167426
0.174636
0.315959
0.320568
0.0232717
0.400264
0.20831
0.103822
0.0610545
0.351208
0.0585806
0.258734
0.137429
0.43478
0.124011
0.14424
0.595819
0.273285
0.253272
0.100992
0.253555
0.0541457
0.191086
0.0602214
0.140069
0.135941
0.19263
0.136687
0.206929
0.134075
0.249188
0.140919
0.291302
0.0689158
0.0606537
0.0525451
0.223834
0.23609
0.0494459
0.102591
0.313946
0.1088
0.117716
0.19687
0.349301
0.176404
0.100078
0.25185
0.0346732
0.0573591
0.213262
0.181211
0.220395
0.160077
0.080813
0.129673
0.072179
0.156452
0.0742376
0.0368719
0.0847086
0.0258293
0.0852881
0.0416477
0.0429903
0.1651
0.156827
0.0543839
0.120405
0.188792
0.125409
0.0359353
0.203475
0.308643
0.174184
0.0046658
0.273479
0.122327
0.0376757
0.122579
0.1115
0.141341
0.1031
0.221604
0.13234
0.327106
0.123852
0.368186
0.0622164
0.0028263
0.0949218
0.188621
0.0664125
0.0797134
0.171342
0.0414523
0.00750723
0.167269
0.173669
0.301946
0.0867615
0.163443
0.0729612
0.166689
0.00451484
0.461287
0.187875
0.0180795
0.0107582
0.136408
0.0685715
0.138933
0.11587
0.0790065
0.0173286
0.101888
0.021678
0.180582
0.0418719
0.124849
0.247545
0.168941
0.0186698
0.0447126
0.198376
0.0891658
0.292624
0.0948488
0.168308
0.0534737
0.342973
0.0940118
0.0440064
0.081425
0.256101
0.129304
0.167492
0.294249
0.168969
0.257048
0.126566
0.0367872
0.153987
0.10053
0.0870395
0.0511862
0.0517335
0.0933166
0.210932
0.136235
0.212544
0.137984
0.0728167
0.0687528
0.110977
0.1703
0.0911144
0.090298
0.30677
0.0111643
0.186703
0.121117
0.276703
0.280505
0.0929151
0.0588127
0.0961244
0.0565899
0.20996
0.228296
0.124531
0.03502
0.211357
0.0200998
0.21088
0.149173
0.092798
0.0143512
0.0571879
0.0385693
0.148471
0.00545614
0.148906
0.1386
0.216315
0.0358136
0.161476
0.105457
0.158961
0.0129021
0.139543
0.194699
0.282912
0.218257
0.31241
0.180327
0.137654
0.249117
0.226107
0.164185
0.110917
0.272309
0.123989
0.178222
0.0368252
0.229107
0.00685937
0.135455
0.0213012
0.0926647
0.238809
0.139246
0.151368
0.443334
0.0308041
0.0723252
0.070001
0.124803
0.203942
0.263074
0.201261
0.184869
0.137484
0.148609
0.262224
0.210644
0.0454246
0.1161
0.00474571
0.122317
0.395377
0.119458
0.184223
0.105186
0.275202
0.128807
0.0235787
0.049264
0.301588
0.0398226
0.0747109
0.0439469
0.0286102
0.0707433
0.141724
0.169435
0.0472041
0.0539377
0.042739
0.333474
0.0614802
0.179503
0.124171
0.229662
0.120774
0.00540338
0.154245
0.164009
0.257072
0.10567
0.118395
0.200113
0.169804
0.195126
0.0561625
0.153475
0.0737383
0.161869
0.0820652
0.028337
0.159354
0.171993
0.112456
0.0270467
0.315889
0.0737732
0.232045
0.028323
0.158806
0.132041
0.00970158
0.325465
0.268221
0.0190437
0.270972
0.152199
0.0857741
0.187223
0.297296
0.10061
0.154165
0.17903
0.0386893
0.0621788
0.322851
0.0208645
0.0471535
0.144075
0.0564608
0.157344
0.0152068
0.0926694
0.0389471
0.0455032
0.0714833
0.329272
0.26961
0.106475
0.263581
0.0153387
0.0583028
0.112406
0.110125
0.177142
0.176359
0.189833
0.22296
0.170154
0.075918
0.0700107
0.153251
0.092523
0.110347
0.0471746
0.206331
0.150229
0.0233307
0.0763031
0.0525492
0.000195202
0.104064
0.184617
0.374794
0.016888
0.0156255
0.0582802
0.278459
0.103377
0.232741
0.061987
0.215075
0.0695529
0.0755693
0.147443
0.106744
0.158139
0.235366
0.301326
0.00223635
0.0850673
0.111561
0.0708144
0.239169
0.267954
0.0898663
0.140467
0.202171
0.36401
0.122394
0.0398176
0.0665815
